37,11
37,10
37,9
37,8
37,7
37,6
37,5
37,4
37,3
37,2
37,1
37,0
36,3
36,2
36,1
36,0
34,5
34,4
34,3
34,2
34,1
34,0
31,10
31,9
31,8
31,7
31,6
31,5
31,4
31,2
30,4
30,3
30,2
30,1
30,0
28,7
28,6
28,5
28,2
28,1
18,7
18,5
18,2
11,4
11,3
11,2
11,1
11,0
10,3
10,2
10,1
10,0
7,8
7,7
7,6
7,5
7,4
7,3
7,2
7,1
7,0
6,3
6,2
6,1
6,0
4,3
4,1
4,0
2,5
2,4
2,2
0,408
1,1
0,399
1,3
18,6
0,398
18,1
1,0
18,4
0,377
28,3
0,365
28,0
0,358
31,1
0,353
31,3
0,352
31,0
0,350
0,349
18,3
0,346
18,0
0,345
2,1
0,322
0,317
2,3
0,243
2,0
0,9
0,310
0,305
0,308
0,304
0,303
0,302
0,307
0,12
0,10
0,8
0,0
0,436
0,300
0,435
0,299
0,434
0,298
0,433
0,297
0,432
0,296
0,431
0,295
0,430
0,294
0,441
0,293
0,429
0,292
0,425
0,291
0,424
0,290
0,423
0,289
0,422
0,288
0,421
0,287
0,420
0,286
0,428
0,285
0,419
0,284
0,427
0,283
0,426
0,282
0,418
0,281
0,417
0,280
0,416
0,279
0,415
0,278
0,414
0,277
0,397
0,276
0,396
0,275
0,395
0,274
0,394
0,273
0,393
0,272
0,392
0,271
0,391
0,270
0,390
0,269
0,389
0,268
0,388
0,267
0,413
0,266
0,387
0,265
0,386
0,264
0,412
0,263
0,385
0,262
0,384
0,261
0,383
0,260
0,382
0,259
0,381
0,258
0,411
0,257
0,380
0,256
0,379
0,255
0,378
0,254
0,336
0,253
0,376
0,252
0,375
0,251
0,374
0,250
0,373
0,249
0,372
0,248
0,371
0,247
0,370
0,246
0,369
0,245
0,368
0,244
0,410
0,242
0,367
0,241
0,366
0,240
0,335
0,239
0,364
0,238
0,363
0,237
0,362
0,236
0,409
0,235
0,407
0,234
0,360
0,233
0,359
0,232
0,361
0,231
0,332
0,230
0,357
0,229
0,356
0,228
0,355
0,227
0,354
0,226
0,324
0,225
0,406
0,224
0,447
0,223
0,351
0,222
0,326
0,221
0,405
0,220
0,446
0,219
0,404
0,218
0,403
0,217
0,402
0,216
0,401
0,215
0,400
0,214
0,348
0,213
0,325
0,212
0,445
0,211
0,347
0,210
0,440
0,209
0,343
0,208
0,342
0,207
0,344
0,206
0,334
0,205
0,339
0,204
0,341
0,203
0,338
0,202
0,340
0,201
0,337
0,200
0,199
0,439
0,198
0,437
0,197
0,328
0,196
0,438
0,195
0,327
0,194
0,193
0,333
0,192
0,442
0,63
0,444
0,62
0,331
0,61
0,330
0,60
0,323
0,59
0,321
0,58
0,320
0,57
0,318
0,56
0,443
0,55
0,319
0,54
0,329
0,53
0,316
0,52
0,315
0,51
0,314
0,50
0,313
0,49
0,312
0,48
0,311
0,47
0,309
0,46
0,306
0,45
0,301
0,6
0,5
0,1
0,11
0,4
0,2
0,3
0,7
